,meanAnIndFloodDuration,cvAnIndFloodDuration,meanAnIndOverbankFloodDuration,returnPeriodIndBankfullQ,meanAnFloodDuration,cvFloodDuration,meanAnOverbankFloodDuration,meanAnOverbankFloodVolRelBankfull,bankfullQ,meanQ,YearEvent1,YearEvent2,YearEvent5,YearEvent10,YearEvent15,YearEvent20,meanAnDailyQ,medQ,specificMeanQ,specificMedQ,cvMeanQ,skewnessQ,meanQ01,meanQ02,meanQ03,meanQ04,meanQ05,meanQ06,meanQ07,meanQ08,meanQ09,meanQ10,meanQ11,meanQ12,cvQ01,cvQ02,cvQ03,cvQ04,cvQ05,cvQ06,cvQ07,cvQ08,cvQ09,cvQ10,cvQ11,cvQ12,seasonMeanQ1,seasonMeanQ2,seasonMeanQ3,seasonMeanQ4,seasonCvQ1,seasonCvQ2,seasonCvQ3,seasonCvQ4,specificAnMeanQ,CvAnQ,skewnwssAnQ,specificAnMedQ,medAnMinQ,exceedQ75.,exceedQ90.,exceedQ99.,specificMeanAnMin,medAnMaxQrelativeToMeanAnDailyQ,exceedQ1.,exceedQ10.,exceedQ25.,specificMeanAnMax,volHighQ1x,volHighQ3x,volHighQ7x,ARI1,ARI2,ARI3,ARI4,ARI5,ARI6,skewAnMaxQ,meanAnSpell75.Exceed,meanAnSpell90.Exceed,meanAnSpell99.Exceed,cvAnSpell75.Exceed,cvAnSpell90.Exceed,cvAnSpell99.Exceed,meanAnSpell25.Exceed,meanAnSpell10.Exceed,meanAnSpell1.Exceed,cvAnSpell25.Exceed,cvAnSpell10.Exceed,cvAnSpell1.Exceed,meanAnSpell3x,meanAnSpell7x,meanAnMinMov1,cvAnMinMov1,meanAnMinMov3,cvAnMinMov3,meanAnMinMov7,cvAnMinMov7,meanAnMinMov30,cvAnMinMov30,meanAnMinMov90,cvAnMinMov90,lowQDuration75,lowQDuration90,lowQDuration99,CVlowQDuration75,CVlowQDuration90,CVlowQDuration99,meanAnZeroFlowDays,meanAnMaxMov1,cvAnMaxMov1,meanAnMaxMov3,cvAnMaxMov3,meanAnMaxMov7,cvAnMaxMov7,meanAnMaxMov30,cvAnMaxMov30,meanAnMaxMov90,cvAnMaxMov90,highQduration25,highQduration10,highQduration01,cvHighQduration25,cvHighQduration10,cvHighQduration01,predictabilityMeanQ,constancyMeanQ,seasonalityMeanQ,perenniality,JDayAnMin,sdJDayAnMin,predictabilityMinQ,seasonalityMinQ,JDayAnMax,sdJDayAnMax,predictabilityMaxQ,seasonalityMaxQ,riseRate,cvRise,fallRate,cvFall,revPerYear,cvRev
meanAnIndFloodDuration,1,0.100621877,-0.94010671,0.999891912,0.963309928,0.042577592,-0.941784663,0.423271858,0.452443013,0.383878176,0.446261151,0.458231983,0.442702792,0.440820721,0.42045974,0.422137916,0.384035576,0.453766203,-0.380399317,-0.271027453,-0.256148926,-0.541008646,0.387843675,0.353823451,0.375747023,0.432663532,0.473464484,0.448949341,0.403543862,0.395043987,0.399055509,0.496259189,0.580239309,0.473050587,-0.24423883,-0.248182291,-0.412395987,-0.41039572,-0.23833325,-0.316747429,-0.331498195,-0.237932669,-0.338943373,-0.198079756,-0.239586645,-0.335802399,0.076910533,0.07554483,-0.272555301,-0.367259782,-0.231127212,-0.383720162,-0.311976793,-0.205158069,-0.380442187,0.329856025,0.351381806,-0.376548427,-0.26043824,0.371167655,0.353726995,0.351516347,-0.270247355,-0.489353426,0.415032924,0.322654023,0.421677153,-0.605587464,-0.61849517,-0.61849517,-0.61849517,0.368220472,0.404215915,0.435724224,0.440288879,0.432980874,0.411314016,-0.556154674,-0.439651469,-0.373752193,-0.306892056,0.109331802,0.188727879,0.092610989,8.41E-16,-8.41E-16,8.16E-16,-0.000997908,0.385840996,0.726339398,0.343636616,0.302492975,0.342916252,-0.06445605,0.341075742,0.287984153,0.341231196,0.291243102,0.351387502,-0.167745539,0.376393128,-0.381064904,0.456764189,0.380197523,0.45499018,0.412347404,0.336219619,0.422147096,-0.300580205,0.397456609,-0.54990921,0.413901981,-0.290484944,0.4127623,-0.046027778,0.383698426,0.229184034,0.382598422,0.376150141,0.785140115,0.654067548,0.824886069,0.095563382,0.339872675,-0.033509145,0.077916543,0.03354506,-0.007895994,-0.261606696,0.045159285,-0.582677403,-0.227451202,-0.017765745,0.109131038,-0.386517467,0.536781422,-0.440098724,0.269222831,-0.522860908,0.350407165,-0.50940581,-0.766902989,0.217500723
cvAnIndFloodDuration,0.100621877,1,-0.064202038,0.097331167,-0.032087436,0.640820014,-0.060753903,0.104967154,0.184461246,0.212115536,0.181523357,0.181913709,0.186742922,0.158573141,0.15745299,0.158315734,0.212051879,-0.058333254,0.016423509,0.002541339,-0.028627926,-0.168744218,0.229684743,0.244318782,0.202493079,0.090126062,0.006683295,-0.055219144,-0.077354066,-0.097823295,-0.09021739,-0.024638382,0.116360877,0.20617911,0.043944357,-0.036426434,0.029556221,-0.46405194,0.499832597,0.153103397,0.175637911,0.216954932,0.077925013,0.321766349,0.341415835,0.274246696,0.15471167,-0.179544183,-0.047094021,-0.065847134,0.021468624,-0.129010564,0.18007693,0.358648613,0.01623773,0.304525785,0.55192531,0.022320672,-0.045282116,-0.11240602,-0.115048146,-0.113786304,0.016346157,-0.024969937,0.188161913,0.257697144,0.154134196,-0.104297425,-0.3114313,-0.3114313,-0.3114313,0.238397504,0.199745822,0.182513012,0.187436288,0.19466048,0.204366396,-0.400296371,-0.023914288,0.136274783,0.187285224,0.05267463,-0.163996812,-0.203084859,-2.50E-17,2.50E-17,-1.50E-17,-0.119430996,-0.107869305,0.503304761,0.172860588,0.06549266,-0.116418378,0.290048275,-0.118308759,0.536385656,-0.121176843,0.498884469,-0.124151252,0.221244138,-0.115740401,0.132130572,0.050772333,0.210322551,0.362921908,0.041414587,-0.130848421,-0.126343262,0.188008441,0.201760498,-0.317457699,0.190088643,-0.17856656,0.188406144,-0.083614445,0.21749254,0.273170377,0.221713093,0.436250119,0.226275027,0.090291969,-0.146787405,0.149538506,0.377061389,0.571731097,-0.011519154,-0.008844553,0.002388015,-0.064133078,-0.084056064,0.084149887,-0.046732087,0.036985608,-0.111967633,-0.315936028,0.239041436,-0.376679478,0.328069563,-0.214602421,0.262791818,-0.214338462,-0.071668361,0.039266675
meanAnIndOverbankFloodDuration,-0.94010671,-0.064202038,1,-0.94476802,-0.924385878,0.018204759,0.998635707,-0.416698191,-0.431238846,-0.365343439,-0.425738652,-0.436152626,-0.424345001,-0.427865209,-0.412998545,-0.410235701,-0.365475944,-0.4160078,0.389368038,0.318829431,0.209210223,0.584797634,-0.368507876,-0.338734091,-0.358877296,-0.411731629,-0.440308316,-0.417170539,-0.374426438,-0.369850172,-0.370670851,-0.4563842,-0.523900177,-0.436077188,0.237862071,0.19298288,0.412931681,0.38494337,0.247120605,0.296799517,0.340775393,0.216739968,0.307258433,0.150498445,0.187900676,0.285891747,-0.088382935,-0.098744812,0.327683065,0.454275187,0.195287711,0.358345258,0.290288853,0.165098454,0.389380198,-0.348847237,-0.2938307,0.384516181,0.316803151,-0.346297529,-0.331376661,-0.333827405,0.31724319,0.425974372,-0.397490837,-0.307244484,-0.38792083,0.614133031,0.634797077,0.634797077,0.634797077,-0.359966071,-0.394635201,-0.419112098,-0.421309003,-0.417620954,-0.400360481,0.588522066,0.481159328,0.409703741,0.331781152,-0.082720678,-0.17407055,-0.059487517,-1.44E-17,1.44E-17,-2.17E-17,-0.004317111,-0.455317691,-0.644315521,-0.34718617,-0.362408883,-0.322241665,-0.051824072,-0.319971643,-0.261249091,-0.319555797,-0.281696651,-0.328938542,0.218838526,-0.352695138,0.35105269,-0.432988759,-0.336151225,-0.375066744,-0.33591152,-0.254149852,-0.411610129,0.322840806,-0.389780851,0.58177444,-0.40347449,0.287274932,-0.398340396,0.017019776,-0.367664923,-0.240691438,-0.364633859,-0.347852435,-0.760679822,-0.659804962,-0.816394387,-0.098494665,-0.399327396,0.060000916,-0.113624175,-0.108508542,0.093748157,0.319967612,-0.063119191,0.609542596,0.145698311,0.089248015,-0.130052973,0.379623802,-0.561989794,0.5018553,-0.281457295,0.531840359,-0.346263264,0.547811246,0.753087063,-0.228653529
returnPeriodIndBankfullQ,0.999891912,0.097331167,-0.94476802,1,0.964276789,0.039016281,-0.946337723,0.425009161,0.453595461,0.384932351,0.447445714,0.459358933,0.443958652,0.442317331,0.422142217,0.423598583,0.385089411,0.454826791,-0.381518166,-0.273551282,-0.255665661,-0.544308281,0.388832524,0.354837167,0.376864804,0.434051553,0.474677078,0.450202404,0.404776676,0.396468793,0.400344526,0.497257365,0.5804846,0.473625791,-0.244716555,-0.247130014,-0.414173087,-0.411190899,-0.241054506,-0.318779807,-0.33484586,-0.239350883,-0.340196607,-0.198598705,-0.239744448,-0.335572205,0.076278623,0.078178986,-0.274898401,-0.371609338,-0.230510341,-0.384780805,-0.313842785,-0.205701091,-0.381559209,0.33083963,0.348780577,-0.377673155,-0.262833932,0.372559101,0.35513485,0.353026268,-0.272808234,-0.489227654,0.416247076,0.323538623,0.422406311,-0.607397421,-0.62114235,-0.62114235,-0.62114235,0.369554097,0.405679043,0.437028524,0.441485307,0.434254243,0.412714494,-0.559126907,-0.443341666,-0.377787619,-0.310557523,0.110074914,0.190743096,0.093561481,1.96E-15,-1.96E-15,1.97E-15,0.000425783,0.391010368,0.724613495,0.344729572,0.305286859,0.344343713,-0.060324418,0.342495356,0.286372272,0.342649721,0.290581589,0.352836739,-0.172324912,0.377853389,-0.382702582,0.457660245,0.379046573,0.451582492,0.411419574,0.335126388,0.42389087,-0.304138123,0.398962237,-0.552646637,0.415381283,-0.290927861,0.414094804,-0.044723721,0.384827584,0.230095977,0.383641978,0.375539452,0.786987942,0.656772668,0.827659587,0.096869219,0.34250563,-0.036752222,0.078796184,0.035813624,-0.010722583,-0.26398217,0.047634213,-0.585923721,-0.225863279,-0.020130062,0.111708178,-0.386480244,0.539800278,-0.443912128,0.2706727,-0.524276034,0.351716265,-0.511883184,-0.768920717,0.217793937
meanAnFloodDuration,0.963309928,-0.032087436,-0.924385878,0.964276789,1,0.025810833,-0.927024964,0.509758159,0.527147661,0.465345621,0.522280049,0.532416947,0.518715082,0.52216795,0.505591327,0.505122037,0.465486171,0.544057268,-0.286369714,-0.234591334,-0.280918072,-0.509214865,0.464465309,0.43382893,0.460982966,0.525995859,0.56114865,0.534533746,0.488173897,0.484737993,0.484905154,0.571673406,0.622786847,0.53427379,-0.265092453,-0.271878327,-0.468537561,-0.352045377,-0.35107925,-0.405092189,-0.45232162,-0.329438637,-0.40549506,-0.288733529,-0.277287129,-0.362501182,-0.022415643,0.197926622,-0.227700287,-0.396448597,-0.241573824,-0.41732445,-0.400709468,-0.25729198,-0.28638587,0.220840918,0.159910475,-0.282443811,-0.211452935,0.466334531,0.446535215,0.442477209,-0.236764101,-0.525621585,0.496434062,0.402804332,0.50024884,-0.519633698,-0.585453756,-0.585453756,-0.585453756,0.448801266,0.486501247,0.513416225,0.515839476,0.508356274,0.489594836,-0.514703463,-0.453393226,-0.474786005,-0.428499371,0.124299855,0.29856198,0.208623058,-6.37E-16,6.37E-16,-6.86E-16,0.03243086,0.474772707,0.586417914,0.34125049,0.290932487,0.434688338,-0.145550339,0.43305864,0.102093464,0.433617759,0.092311744,0.44525154,-0.315265937,0.469631339,-0.442065519,0.509791462,0.365183433,0.316854357,0.450045362,0.389924835,0.499608416,-0.423183512,0.480115242,-0.492615647,0.496330773,-0.226688556,0.4953846,-0.003472774,0.464847948,0.155548671,0.462537024,0.231146505,0.8064533,0.659247694,0.873666394,0.0698937,0.272112655,-0.177576284,0.105624323,0.032031146,0.014416476,-0.218893857,0.140516292,-0.615094078,-0.245851053,0.012613102,0.164079263,-0.35292776,0.55158422,-0.407583559,0.334153922,-0.452078127,0.42577236,-0.468030481,-0.728085251,0.127599822
cvFloodDuration,0.042577592,0.640820014,0.018204759,0.039016281,0.025810833,1,0.02908035,0.248343406,0.285896382,0.323028336,0.285132631,0.284491457,0.292896352,0.281297656,0.28890065,0.291467294,0.322908764,0.051238881,0.395367219,0.23704194,-0.170958253,0.091105841,0.331028083,0.357468885,0.322346708,0.212878157,0.111380857,0.051173042,0.035978279,0.021803545,0.025706712,0.060485543,0.119434884,0.259941791,-0.02543475,-0.165634877,-0.175082422,-0.278656233,0.078199382,-0.141210249,-0.100726256,-0.092184573,-0.111603071,0.104275294,0.130008467,0.078951764,-0.239474274,0.226283387,0.220206846,0.05106861,-0.063873592,-0.276845964,-0.140904634,0.097987021,0.395288096,-0.093874523,0.046730091,0.397204005,0.20270759,0.012060937,0.008074185,0.008838532,0.233396529,-0.151660133,0.301120087,0.370762793,0.242506674,0.281146819,-0.152233819,-0.152233819,-0.152233819,0.355691131,0.319066325,0.293051639,0.2947275,0.303745438,0.31999298,-0.146695222,-0.253688271,-0.230190014,-0.219395764,0.105217182,0.121178678,0.102591152,3.44E-16,-3.44E-16,3.69E-16,-0.061789203,-0.04379926,0.156098257,0.073888815,-0.121336974,0.007575697,-0.083232918,0.006480595,0.163510288,0.004078617,0.01318618,0.001918864,-0.142709622,0.008074833,0.012187131,0.245794447,0.304116029,0.170959585,0.298394167,0.13106547,0.093633329,-0.219040709,0.323202494,-0.057035981,0.307929879,0.106099189,0.303250482,0.099648665,0.330110265,0.061358522,0.331255916,0.022149955,0.281411769,-0.137313793,-0.183276855,0.150203023,0.087699788,0.392550697,-0.066903093,-0.181619875,0.219391809,0.196244089,0.127482145,-0.206467967,-0.204168589,0.247152479,0.181385843,-0.040731554,0.0398761,-0.009202699,0.446356355,-0.058543999,0.376159388,-0.046521542,0.033042093,-0.235282595
meanAnOverbankFloodDuration,-0.941784663,-0.060753903,0.998635707,-0.946337723,-0.927024964,0.02908035,1,-0.415449729,-0.430270756,-0.364614057,-0.424796416,-0.435157961,-0.423233101,-0.426625534,-0.411739749,-0.409085775,-0.364748014,-0.418538881,0.38133303,0.308521901,0.214567701,0.575093245,-0.367748435,-0.337622863,-0.358008291,-0.411808385,-0.442440213,-0.419856716,-0.377334354,-0.372783347,-0.3737639,-0.45879129,-0.525970999,-0.436593388,0.230744542,0.199976277,0.408304264,0.390716332,0.256217564,0.300115339,0.344427591,0.227513716,0.313377751,0.162557595,0.198490366,0.292608077,-0.081715101,-0.099743511,0.314009588,0.441027637,0.195556626,0.362058588,0.296138243,0.174670557,0.381345258,-0.341213703,-0.286989718,0.376937359,0.302873039,-0.349188136,-0.334219424,-0.336090161,0.306017275,0.434603093,-0.396589831,-0.30621426,-0.38883708,0.605356196,0.62989801,0.62989801,0.62989801,-0.358375901,-0.393139662,-0.417974093,-0.420688132,-0.416649375,-0.399382339,0.589839723,0.487135524,0.412623996,0.333137462,-0.101681605,-0.185220414,-0.064484376,-7.44E-18,7.44E-18,-3.35E-17,-0.022279091,-0.46267845,-0.644534274,-0.34045462,-0.352642738,-0.325100944,-0.061487277,-0.322956368,-0.266219196,-0.322665879,-0.288702425,-0.332086201,0.220997225,-0.355634836,0.359345299,-0.427835215,-0.330156957,-0.374244909,-0.331157593,-0.254250671,-0.411769572,0.324228834,-0.388353482,0.56899157,-0.402154622,0.278574345,-0.397319303,0.012729256,-0.366700847,-0.239457289,-0.363770773,-0.343109425,-0.760168498,-0.66008791,-0.819473777,-0.12026244,-0.399185441,0.06778347,-0.100163286,-0.099584239,0.090344796,0.306545969,-0.068448049,0.599512371,0.158703163,0.081279509,-0.121802442,0.377940331,-0.551955058,0.498993698,-0.277547534,0.519605642,-0.343975921,0.528270749,0.750167482,-0.22322512
meanAnOverbankFloodVolRelBankfull,0.423271858,0.104967154,-0.416698191,0.425009161,0.509758159,0.248343406,-0.415449729,1,0.965736771,0.926841767,0.963826003,0.967681013,0.972331281,0.985004493,0.988096858,0.989740283,0.926879539,0.903408177,0.073497334,-0.115115819,-0.210895771,-0.267664791,0.920066811,0.909274533,0.929233918,0.951571482,0.92748794,0.8995816,0.877694598,0.871128171,0.874734947,0.905322472,0.868848212,0.90217636,-0.183101601,-0.280295893,-0.456048468,-0.139106862,-0.244940264,-0.461966433,-0.454160232,-0.523361488,-0.495641153,-0.422147425,-0.007161324,-0.189517211,-0.079947865,0.202642947,-0.072587708,-0.344426939,-0.17247315,-0.314506157,-0.485149739,-0.074402441,0.073557118,-0.033571202,-0.064885862,0.095101304,0.001654574,0.877081439,0.86683022,0.863621351,-0.109716263,-0.44278105,0.950075778,0.879008086,0.892155084,-0.130708514,-0.289944386,-0.289944386,-0.289944386,0.932733228,0.959676831,0.971111851,0.974768011,0.978025652,0.971598413,-0.192962508,-0.26458931,-0.367284194,-0.440078832,0.215280778,0.430363538,0.52329926,5.83E-17,-5.83E-17,5.17E-17,-0.178120215,0.164364154,0.323230209,0.337081935,0.215165744,0.857572244,-0.274086036,0.856029369,-0.261192955,0.855657812,-0.287286581,0.861688942,-0.496287275,0.874468598,-0.380518784,0.708196618,0.577904854,0.294853114,0.568906634,0.456779275,0.698663185,-0.452262009,0.964138584,-0.223725376,0.964842069,-0.058795021,0.956362456,0.079112875,0.931864657,-0.017400288,0.925330595,-0.016778197,0.683697905,0.449022428,0.594781582,-0.064065306,0.188691582,-0.137542583,0.328875457,0.041492558,0.162743405,-0.098908032,0.255462956,-0.307583352,-0.161565613,0.108438378,0.177869295,-0.410383765,0.590208735,-0.282774643,0.880492519,-0.212102114,0.934466952,-0.224148352,-0.531624001,-0.236812349
bankfullQ,0.452443013,0.184461246,-0.431238846,0.453595461,0.527147661,0.285896382,-0.430270756,0.965736771,1,0.985794808,0.999860091,0.999917992,0.999159993,0.995142697,0.990462376,0.990675459,0.985824942,0.890062348,0.077020205,-0.126997477,-0.308217409,-0.357113125,0.98345877,0.974199922,0.985881087,0.984939979,0.930996439,0.864831488,0.815832945,0.803438062,0.806604973,0.892172189,0.929178811,0.977873255,-0.307954637,-0.381576812,-0.521649915,-0.21071683,-0.183376312,-0.371854675,-0.373520465,-0.413535011,-0.400544586,-0.317182596,-0.006420777,-0.208064059,0.014645882,0.103132901,-0.139146528,-0.355537679,-0.291599972,-0.388589212,-0.390217415,-0.035363176,0.077055898,-0.064224245,-0.070587002,0.103329154,-0.074308705,0.810832572,0.789703391,0.782959821,-0.125684149,-0.46920066,0.996096924,0.955130548,0.966288682,-0.176733341,-0.403680517,-0.403680517,-0.403680517,0.983597367,0.995220744,0.999210413,0.998297572,0.996650675,0.995366856,-0.295022308,-0.24242592,-0.322139117,-0.374794446,0.112623625,0.330477184,0.396068982,7.09E-17,-7.09E-17,4.83E-17,-0.267427403,0.146395197,0.4115068,0.454110577,0.261009435,0.774315498,-0.200830956,0.771332612,-0.168631703,0.769813212,-0.198016139,0.778764053,-0.407785054,0.801167929,-0.317680774,0.688267446,0.563294252,0.300169945,0.526074228,0.38826541,0.56680234,-0.384222507,0.993424848,-0.344183241,0.996273822,-0.201644257,0.996184306,-0.093122917,0.98717528,-0.118683879,0.985272786,-0.044106833,0.721421088,0.474793263,0.58831445,-0.127175199,0.242722187,-0.03057375,0.317515172,-0.008021727,0.227152164,-0.158016301,0.162785271,-0.350459894,-0.238684376,0.16958058,0.071997527,-0.499120431,0.607460151,-0.247796385,0.900735603,-0.327598167,0.975706084,-0.329739153,-0.526831703,-0.202036726
meanQ,0.383878176,0.212115536,-0.365343439,0.384932351,0.465345621,0.323028336,-0.364614057,0.926841767,0.985794808,1,0.987494521,0.984625206,0.983509295,0.973878616,0.970826294,0.967960741,0.999999942,0.849029909,0.153698516,-0.099398407,-0.343623355,-0.338293841,0.999447279,0.996914197,0.999757374,0.974925193,0.89869875,0.815971419,0.760604385,0.74789547,0.74815976,0.844174926,0.900630059,0.9838418,-0.342241391,-0.419171166,-0.537549121,-0.215946839,-0.148236352,-0.322305767,-0.333164248,-0.362667943,-0.346020543,-0.266539856,0.010481948,-0.190444281,0.026799113,0.077318496,-0.127849277,-0.330855212,-0.329281924,-0.409318709,-0.339542704,-0.009699623,0.153723321,-0.138211703,-0.132329078,0.182242488,-0.069971348,0.756500249,0.732501529,0.72476811,-0.101164871,-0.453001274,0.99629411,0.990545252,0.980647745,-0.108929078,-0.393281827,-0.393281827,-0.393281827,0.996451432,0.992645181,0.984801567,0.982594792,0.979254555,0.984331786,-0.282586697,-0.206147423,-0.287567767,-0.340888792,0.07678534,0.29205174,0.357093229,2.18E-17,-2.18E-17,-2.57E-17,-0.296347357,0.103893449,0.352337831,0.493064757,0.255270883,0.715540212,-0.188564591,0.712256544,-0.173776577,0.7102135,-0.200460636,0.719365852,-0.371993118,0.742647526,-0.265493973,0.65510971,0.538272976,0.267246177,0.48946202,0.358178475,0.507085743,-0.350171703,0.990650886,-0.344569133,0.991674799,-0.229291264,0.995424811,-0.16377315,0.999521295,-0.203297466,0.999776789,-0.121731884,0.682456794,0.411601258,0.507497609,-0.150399574,0.221731944,0.019644134,0.303236821,-0.044050186,0.270081033,-0.147408983,0.130941982,-0.314984689,-0.261013249,0.204853624,0.002032124,-0.521085568,0.574823087,-0.195720995,0.912715976,-0.326041473,0.98663705,-0.326408926,-0.453002968,-0.201659262
YearEvent1,0.446261151,0.181523357,-0.425738652,0.447445714,0.522280049,0.285132631,-0.424796416,0.963826003,0.999860091,0.987494521,1,0.999664929,0.998802342,0.994455182,0.989906997,0.98993231,0.987522069,0.888040875,0.0819273,-0.125115338,-0.312381833,-0.356996858,0.985178736,0.976454591,0.987637688,0.985302787,0.929416005,0.861821521,0.812063445,0.799659147,0.80266412,0.889268671,0.927759583,0.978787824,-0.312988944,-0.386292964,-0.524469499,-0.210178873,-0.180506586,-0.367441254,-0.370471782,-0.40888548,-0.394929281,-0.313028884,-0.003882585,-0.206868797,0.016339257,0.10082219,-0.139409094,-0.35495137,-0.29643502,-0.3911043,-0.385527599,-0.031907259,0.081963168,-0.071520429,-0.079250399,0.108639798,-0.074994576,0.807628239,0.786166147,0.779270263,-0.124080855,-0.469672322,0.997087931,0.958038096,0.9677977,-0.173263278,-0.403795844,-0.403795844,-0.403795844,0.98501008,0.995857692,0.999067287,0.997951696,0.996086308,0.995225095,-0.293669101,-0.238046671,-0.3196439,-0.372713922,0.10748925,0.32727865,0.393379705,1.81E-16,-1.81E-16,1.20E-16,-0.270213466,0.145779845,0.405321041,0.458513318,0.262088858,0.770509528,-0.20089376,0.767491691,-0.172320425,0.76596302,-0.201087062,0.775026295,-0.405798961,0.797548731,-0.312048161,0.686134527,0.561532729,0.295617463,0.522543612,0.385786497,0.564586268,-0.38213335,0.993877252,-0.344113312,0.996711323,-0.204348051,0.996987795,-0.099733018,0.988787363,-0.127702573,0.987012865,-0.052865068,0.718702983,0.471983284,0.583925344,-0.13115374,0.243014574,-0.029159717,0.317713608,-0.0104978,0.230972258,-0.158251629,0.160565525,-0.348460688,-0.241088449,0.173296796,0.065747373,-0.501795178,0.606736098,-0.243635161,0.901986766,-0.328449862,0.976791466,-0.330095602,-0.521261905,-0.201775038
YearEvent2,0.458231983,0.181913709,-0.436152626,0.459358933,0.532416947,0.284491457,-0.435157961,0.967681013,0.999917992,0.984625206,0.999664929,1,0.99919009,0.995715485,0.991111146,0.991426486,0.984657436,0.8924925,0.074355775,-0.127708204,-0.305544676,-0.356334882,0.982177382,0.972548062,0.98470541,0.985104971,0.932898298,0.86803323,0.819687077,0.807489283,0.810593369,0.895016592,0.93016444,0.977191847,-0.304391512,-0.37859422,-0.520383568,-0.210014863,-0.186633341,-0.376001223,-0.377290912,-0.417678894,-0.405708473,-0.321956694,-0.009636528,-0.210291809,0.011940862,0.106347641,-0.137923641,-0.3556942,-0.288304309,-0.38699479,-0.394490473,-0.039491623,0.074391338,-0.060375672,-0.066321377,0.100384518,-0.072715163,0.814438662,0.793583028,0.786990774,-0.12622351,-0.47020136,0.99543413,0.953102623,0.965456497,-0.178583331,-0.402699746,-0.402699746,-0.402699746,0.982449999,0.994737656,0.999201862,0.998534507,0.996953775,0.995289013,-0.294582568,-0.245233921,-0.324730539,-0.377441903,0.116417287,0.333883738,0.399394079,2.06E-17,-2.06E-17,-8.94E-17,-0.264441629,0.147843856,0.413227828,0.450736949,0.259851741,0.778353429,-0.204236893,0.775408291,-0.168295037,0.773912635,-0.198270353,0.78280208,-0.410159363,0.805030873,-0.322467317,0.690409601,0.564897391,0.303438258,0.529358148,0.392510298,0.572779742,-0.386907125,0.993127552,-0.342993849,0.996024604,-0.198359696,0.995679968,-0.087440924,0.986031957,-0.112936781,0.984012828,-0.039575879,0.723436696,0.476478564,0.59228616,-0.124348126,0.241024529,-0.033700289,0.317698605,-0.006295231,0.224739019,-0.156872452,0.165791649,-0.352652162,-0.236940686,0.167107503,0.075241374,-0.498048081,0.608306895,-0.250682803,0.899555388,-0.326095896,0.974786739,-0.328975574,-0.530713073,-0.201558113
YearEvent5,0.442702792,0.186742922,-0.424345001,0.443958652,0.518715082,0.292896352,-0.423233101,0.972331281,0.999159993,0.983509295,0.998802342,0.99919009,1,0.997063716,0.993795078,0.993835086,0.983536193,0.889768215,0.083170463,-0.124327477,-0.296437064,-0.345440206,0.980914834,0.972188634,0.983842735,0.982758154,0.930183812,0.867415681,0.821924225,0.810014226,0.813481267,0.891874854,0.920470616,0.971412006,-0.289445323,-0.369065354,-0.51344961,-0.205533539,-0.189391068,-0.384585338,-0.382876452,-0.428272196,-0.413252801,-0.330945988,-0.004512697,-0.198685585,0.001658028,0.116500215,-0.129073268,-0.354508554,-0.274662586,-0.381563812,-0.403243013,-0.038426517,0.08320798,-0.060577957,-0.068091177,0.108969108,-0.06282067,0.816965538,0.797372573,0.79107154,-0.122378298,-0.465043124,0.994429859,0.95224121,0.960412953,-0.165082075,-0.391076617,-0.391076617,-0.391076617,0.983235577,0.995276385,0.999181966,0.998924085,0.99822799,0.997245098,-0.286023167,-0.244101172,-0.327345458,-0.382779321,0.127261221,0.343626827,0.412587054,1.50E-16,-1.50E-16,1.37E-16,-0.254793241,0.149853994,0.401629283,0.440164654,0.255430952,0.783061365,-0.214099236,0.780260519,-0.180977104,0.778798425,-0.208383962,0.787119714,-0.417226952,0.808222003,-0.324774191,0.69027922,0.56522003,0.301862251,0.533888837,0.395748906,0.577647385,-0.392536213,0.994530974,-0.330495071,0.996710073,-0.184544539,0.995509849,-0.072826144,0.985495215,-0.106167735,0.983060367,-0.039745359,0.718395006,0.470846881,0.581312445,-0.11893633,0.237682968,-0.037921445,0.31968607,-0.001701287,0.219259446,-0.149468647,0.174816172,-0.344403315,-0.230918088,0.163318904,0.087711265,-0.485314695,0.606400119,-0.253370641,0.904803004,-0.310457743,0.976838131,-0.315891984,-0.525321399,-0.209792636
YearEvent10,0.440820721,0.158573141,-0.427865209,0.442317331,0.52216795,0.281297656,-0.426625534,0.985004493,0.995142697,0.973878616,0.994455182,0.995715485,0.997063716,1,0.998493882,0.998333085,0.973906496,0.895852888,0.081196794,-0.124959518,-0.274762391,-0.33097144,0.970260596,0.96128264,0.974757954,0.979081979,0.932063274,0.877740572,0.8379536,0.82763608,0.830836137,0.89757631,0.908845285,0.957180943,-0.266395537,-0.347353842,-0.502969889,-0.187180509,-0.205312167,-0.406824482,-0.404068012,-0.454517434,-0.434085148,-0.354010924,-0.001226308,-0.195475032,-0.015895285,0.137421261,-0.119676271,-0.35913484,-0.250116323,-0.365475984,-0.426560036,-0.044301149,0.08124252,-0.055491175,-0.074382942,0.106444199,-0.050987749,0.83477751,0.817210495,0.811815952,-0.122436118,-0.460134112,0.988085918,0.93864157,0.946553663,-0.157860889,-0.369444865,-0.369444865,-0.369444865,0.975606242,0.991804457,0.996921799,0.997688491,0.997756716,0.995357832,-0.265889687,-0.252506146,-0.343260256,-0.403017333,0.147409175,0.367345858,0.441018373,2.42E-16,-2.42E-16,2.24E-16,-0.239419639,0.157121316,0.377214042,0.417628722,0.250731591,0.803672277,-0.227195003,0.801233544,-0.205071927,0.800222488,-0.232689707,0.808528113,-0.443050234,0.82766047,-0.338504515,0.697031861,0.569267447,0.292494038,0.543370448,0.409936347,0.617839331,-0.413300309,0.992340989,-0.307396123,0.994006625,-0.155263384,0.990709079,-0.035467957,0.976852109,-0.08772335,0.973204445,-0.039255642,0.710086138,0.46907588,0.590009474,-0.103231522,0.22874639,-0.065778596,0.331048948,0.014833666,0.203199196,-0.141427674,0.196560755,-0.342915864,-0.210597901,0.148338865,0.111973491,-0.471473442,0.610647242,-0.264424448,0.905400156,-0.290999271,0.971536703,-0.296588839,-0.527901578,-0.217167022
YearEvent15,0.42045974,0.15745299,-0.412998545,0.422142217,0.505591327,0.28890065,-0.411739749,0.988096858,0.990462376,0.970826294,0.989906997,0.991111146,0.993795078,0.998493882,1,0.998930169,0.970844142,0.88628847,0.093617651,-0.122130882,-0.263968834,-0.319958008,0.96716688,0.959930851,0.971981731,0.972742954,0.922833697,0.870045545,0.833227039,0.823969587,0.826899614,0.886987766,0.890970518,0.94760953,-0.2545752,-0.337742004,-0.496452592,-0.178698906,-0.20614926,-0.41072463,-0.408418225,-0.460080077,-0.435615697,-0.355964521,0.012614255,-0.179831515,-0.023686828,0.145762945,-0.113062548,-0.361550362,-0.237394764,-0.357554236,-0.430636297,-0.035267384,0.093666934,-0.062825054,-0.086670721,0.119161885,-0.04291037,0.831308038,0.815046786,0.810125338,-0.119200073,-0.449925187,0.984587817,0.937591875,0.93761068,-0.140236908,-0.355009885,-0.355009885,-0.355009885,0.975193214,0.99040877,0.993744424,0.994994919,0.996029821,0.994652217,-0.255117165,-0.254399227,-0.346923056,-0.408860629,0.154627044,0.373792159,0.450883729,-1.47E-16,1.47E-16,-1.42E-16,-0.234949689,0.154517763,0.351603631,0.410257339,0.248612429,0.802138029,-0.230407945,0.799920452,-0.217233259,0.799083422,-0.244058409,0.807060029,-0.451509342,0.82482887,-0.334685184,0.69156308,0.564520789,0.283167024,0.541363662,0.414229857,0.630050527,-0.419385847,0.992390546,-0.295230363,0.992845297,-0.143322949,0.988396267,-0.024377225,0.974597897,-0.088807302,0.97039227,-0.049682862,0.701555586,0.455025931,0.572645408,-0.098923515,0.228070185,-0.067062848,0.339985549,0.022304427,0.198664446,-0.136574673,0.203131553,-0.332636355,-0.201847582,0.144830255,0.12152254,-0.463863669,0.610962024,-0.265448523,0.913550854,-0.273427612,0.973815774,-0.283613145,-0.513684696,-0.231663155
YearEvent20,0.422137916,0.158315734,-0.410235701,0.423598583,0.505122037,0.291467294,-0.409085775,0.989740283,0.990675459,0.967960741,0.98993231,0.991426486,0.993835086,0.998333085,0.998930169,1,0.96798114,0.888755897,0.090105743,-0.118901173,-0.264796453,-0.314741289,0.963680457,0.956297,0.969414842,0.972259011,0.924668398,0.87321366,0.836808141,0.827090119,0.830226428,0.889283535,0.892375047,0.945858213,-0.250921372,-0.337994225,-0.497221857,-0.180363659,-0.201838171,-0.410932436,-0.407520692,-0.462286404,-0.435603738,-0.353656588,0.020791939,-0.1776715,-0.029568927,0.150806999,-0.107280377,-0.358345037,-0.235635247,-0.359680998,-0.431390317,-0.028189097,0.0901521,-0.062516944,-0.083049153,0.115782324,-0.036723096,0.834318513,0.818352034,0.813420435,-0.115328195,-0.454461651,0.983202215,0.932914209,0.934196798,-0.141225315,-0.350978828,-0.350978828,-0.350978828,0.972176524,0.989004379,0.994141522,0.995631419,0.996806877,0.994403127,-0.248528918,-0.254624361,-0.347796137,-0.411439001,0.15650683,0.37599156,0.456323618,1.49E-17,-1.49E-17,9.60E-18,-0.234619878,0.152436757,0.35734618,0.408346996,0.244001493,0.805854644,-0.234647492,0.803561289,-0.218796036,0.802525694,-0.247776363,0.809987024,-0.452882839,0.827571602,-0.33041816,0.698903817,0.574765624,0.289665902,0.546910906,0.417180538,0.62762806,-0.422205621,0.990716499,-0.288632893,0.991239494,-0.136167557,0.986594731,-0.016829644,0.971833364,-0.083271175,0.967539732,-0.04610489,0.704959381,0.455859649,0.575607851,-0.099218582,0.225927803,-0.062833857,0.335797009,0.018512102,0.201252211,-0.131466531,0.203621732,-0.329424467,-0.203690442,0.14732101,0.121054235,-0.465727128,0.608562398,-0.264513107,0.914913581,-0.272274393,0.970707103,-0.27831905,-0.517922343,-0.232572088
meanAnDailyQ,0.384035576,0.212051879,-0.365475944,0.385089411,0.465486171,0.322908764,-0.364748014,0.926879539,0.985824942,0.999999942,0.987522069,0.984657436,0.983536193,0.973906496,0.970844142,0.96798114,1,0.849179994,0.153617285,-0.099394465,-0.343636879,-0.338295409,0.999443965,0.996889521,0.999755734,0.974986159,0.898828099,0.816131482,0.76076883,0.748061573,0.748325538,0.844338204,0.900770803,0.983889631,-0.342216881,-0.419166292,-0.53754694,-0.215971218,-0.148364653,-0.322421034,-0.333272205,-0.362783416,-0.346185487,-0.266702856,0.01024738,-0.190640508,0.026731612,0.077378645,-0.127803568,-0.330784324,-0.329282201,-0.409330842,-0.33966338,-0.009930992,0.153642097,-0.138124935,-0.132210658,0.182148343,-0.069926446,0.75665677,0.732658537,0.724924102,-0.101160147,-0.453086661,0.996305926,0.990511653,0.980699764,-0.109019198,-0.393308298,-0.393308298,-0.393308298,0.996433239,0.992647216,0.984824868,0.982618568,0.979275172,0.984339379,-0.282606722,-0.2062095,-0.287617124,-0.340935442,0.076907032,0.292158085,0.357180795,5.66E-17,-5.66E-17,8.01E-17,-0.296253094,0.103936425,0.352474647,0.493000645,0.255201835,0.715698039,-0.188548831,0.712414562,-0.173713647,0.710371801,-0.200431551,0.719524371,-0.372063786,0.742806942,-0.265690457,0.655181714,0.538295085,0.26732697,0.489562335,0.358275065,0.507188704,-0.350219396,0.990650485,-0.344569456,0.991683262,-0.2292461,0.995434945,-0.163679642,0.999515365,-0.203164174,0.999771465,-0.121599996,0.682519732,0.411669851,0.507662718,-0.150332251,0.221685453,0.019506925,0.30311711,-0.044108761,0.270081046,-0.147353171,0.131049082,-0.31503783,-0.26104547,0.204835998,0.00208807,-0.521044819,0.574792641,-0.195749433,0.912624666,-0.326051354,0.986606472,-0.326418048,-0.453138807,-0.201601989
medQ,0.453766203,-0.058333254,-0.4160078,0.454826791,0.544057268,0.051238881,-0.418538881,0.903408177,0.890062348,0.849029909,0.888040875,0.8924925,0.889768215,0.895852888,0.88628847,0.888755897,0.849179994,1,0.109260025,-0.001552538,-0.267192318,-0.15438966,0.836541752,0.80662498,0.851488773,0.941597457,0.992948375,0.994455355,0.975867324,0.971092127,0.970888958,0.995153395,0.931402001,0.873459815,-0.170819182,-0.304425704,-0.42491424,-0.133625137,-0.424264721,-0.572544364,-0.556805381,-0.63758391,-0.652205968,-0.619515148,-0.336215236,-0.424994392,-0.213290187,0.288743388,0.071246111,-0.147139588,-0.206891464,-0.33116041,-0.599890032,-0.386532848,0.109338875,-0.063270167,-0.062786859,0.113422276,0.128822157,0.974119034,0.961404818,0.955126137,-0.002215721,-0.520028167,0.870514392,0.781241183,0.897113103,-0.100734986,-0.227415078,-0.227415078,-0.227415078,0.821400278,0.857799608,0.884543853,0.884326738,0.879576558,0.864565623,-0.099719971,-0.233456332,-0.358708211,-0.444841023,0.315503326,0.526520333,0.603190688,3.14E-17,-3.14E-17,3.14E-17,-0.005515582,0.194352498,0.344591781,0.209200997,0.041866242,0.952346661,-0.283939906,0.950732776,-0.297994047,0.949962326,-0.329150317,0.955476735,-0.547757502,0.968049203,-0.589957636,0.714688394,0.514623395,0.270632851,0.588838407,0.508573772,0.698457669,-0.458556755,0.856230583,-0.108444843,0.86892937,0.04694118,0.870974439,0.153128602,0.841941368,0.025704575,0.83948646,0.000173941,0.604465117,0.436178503,0.65303463,-0.018919593,-0.001602995,-0.347676464,0.098291297,-0.111875208,0.226270607,0.060250967,0.36142434,-0.254348127,-0.25798343,0.170095955,0.191609788,-0.285018979,0.417356315,-0.185825347,0.652992126,-0.14534832,0.793681086,-0.133908256,-0.548873714,-0.142489959
specificMeanQ,-0.380399317,0.016423509,0.389368038,-0.381518166,-0.286369714,0.395367219,0.38133303,0.073497334,0.077020205,0.153698516,0.0819273,0.074355775,0.083170463,0.081196794,0.093617651,0.090105743,0.153617285,0.109260025,1,0.851728754,-0.41146268,0.665939882,0.146844598,0.169898434,0.158847815,0.118849434,0.103242692,0.112605789,0.13906162,0.138241302,0.131246797,0.064778481,-0.022283815,0.082438757,-0.087511211,-0.368030622,-0.207683582,-0.1145972,-0.353364885,-0.38530147,-0.347593341,-0.430858697,-0.334865335,-0.348815456,-0.293125017,-0.339537617,-0.643398825,0.412581183,0.816676769,0.691853475,-0.254076985,-0.349822588,-0.400084293,-0.334802186,0.999999908,-0.717219128,-0.511548605,0.996232479,0.803517537,0.148793431,0.153626058,0.159021063,0.832921798,-0.326988591,0.114924035,0.201793741,0.148644457,0.815770713,0.24470495,0.24470495,0.24470495,0.14782764,0.112159581,0.08111016,0.080115422,0.081249601,0.10028768,0.429093543,-0.163304401,-0.280762516,-0.358854649,0.30098179,0.392795247,0.438733994,-6.28E-16,6.28E-16,-6.06E-16,0.253851362,-0.260327756,-0.416853205,-0.317893753,-0.742515016,0.160361574,-0.180226847,0.160108694,-0.28530216,0.157193452,-0.337530808,0.148646105,-0.402537931,0.137067446,-0.250964995,0.252636174,0.239013958,-0.131011418,0.232360275,0.364307466,0.197289213,-0.369088447,0.117988376,0.524461848,0.110513092,0.576922858,0.117782187,0.320374036,0.146794202,-0.264374694,0.149686302,-0.55259495,-0.145046742,-0.533110004,-0.434565841,0.234153181,-0.461999506,-0.042343283,-0.48008469,-0.674026928,0.668142584,0.809842382,0.382863323,0.03075075,-0.547706529,0.723223225,0.187593646,0.310583781,-0.439289504,0.476472181,0.143996465,0.213596507,0.13614098,0.425248831,0.269510108,-0.380769686
specificMedQ,-0.271027453,0.002541339,0.318829431,-0.273551282,-0.234591334,0.23704194,0.308521901,-0.115115819,-0.126997477,-0.099398407,-0.125115338,-0.127708204,-0.124327477,-0.124959518,-0.122130882,-0.118901173,-0.099394465,-0.001552538,0.851728754,1,-0.439277835,0.652460133,-0.106815871,-0.10090665,-0.096911543,-0.085199781,-0.035660171,0.009589685,0.045720884,0.046176886,0.044710908,-0.029440613,-0.119532742,-0.119278683,-0.10219015,-0.384923713,-0.113779242,-0.204663185,-0.316187828,-0.379862922,-0.326917924,-0.39265208,-0.377761229,-0.4184849,-0.38587492,-0.437312469,-0.646092748,0.346377546,0.91378114,0.852898532,-0.290637243,-0.338246384,-0.378522625,-0.393484937,0.851740277,-0.565705649,-0.303761025,0.843190175,0.929542073,0.053839163,0.062908467,0.071849107,0.997721823,-0.425661493,-0.116014678,-0.086581751,-0.074369495,0.586804017,0.132046927,0.132046927,0.132046927,-0.115073944,-0.12413142,-0.128533393,-0.129086835,-0.130613236,-0.127031238,0.326100522,-0.12106489,-0.192992445,-0.245403064,0.263640651,0.297145328,0.315175702,-6.35E-17,6.35E-17,-2.10E-17,0.37106576,-0.180810546,-0.214050143,-0.498600132,-0.907194812,0.072847258,-0.152082507,0.073208541,-0.174106155,0.07122704,-0.187126603,0.061742752,-0.296326262,0.048314622,-0.310162383,0.11421646,0.142764399,-0.09312485,0.119233449,0.333817778,0.102906616,-0.25327821,-0.123076984,0.527581075,-0.122249156,0.637588254,-0.116277532,0.422690909,-0.106861141,-0.084980232,-0.104614408,-0.352911592,-0.2028088,-0.417118943,-0.36394256,0.28472514,-0.451260515,-0.146131515,-0.601280568,-0.719061142,0.660477904,0.924344268,0.331275993,0.001771931,-0.635558634,0.813466994,0.215653797,0.37878496,-0.454516605,0.371126056,-0.130579267,0.176572714,-0.130188001,0.367019716,0.219596669,-0.390704912
cvMeanQ,-0.256148926,-0.028627926,0.209210223,-0.255665661,-0.280918072,-0.170958253,0.214567701,-0.210895771,-0.308217409,-0.343623355,-0.312381833,-0.305544676,-0.296437064,-0.274762391,-0.263968834,-0.264796453,-0.343636879,-0.267192318,-0.41146268,-0.439277835,1,0.209814655,-0.346178644,-0.346322213,-0.338211781,-0.314014401,-0.288267155,-0.235256149,-0.193935518,-0.187135279,-0.183467662,-0.257724221,-0.351787565,-0.380601478,0.821223437,0.972465756,0.894574168,0.56091039,0.282931705,0.273685005,0.264668723,0.198213835,0.119351641,0.129624016,0.27846735,0.663351925,0.134333908,-0.015340754,-0.266256923,-0.313547279,0.930159728,0.918509745,0.265827828,0.1862961,-0.41147583,0.672147903,0.454062039,-0.454576691,-0.297504545,-0.192167294,-0.172814489,-0.171675671,-0.426907707,0.82888136,-0.324771897,-0.360922271,-0.35914394,0.084708027,0.599451913,0.599451913,0.599451913,-0.318642144,-0.305833912,-0.297946584,-0.291989906,-0.273910511,-0.273236875,0.162595942,0.352170699,0.388864025,0.388539093,-0.016540064,-0.201821058,-0.202090588,5.55E-16,-5.55E-16,5.62E-16,0.151308396,0.056544008,-0.205403272,-0.482049441,0.216430308,-0.16284798,-0.083468242,-0.160512537,-0.149304084,-0.158717298,-0.084877758,-0.163111475,0.254441602,-0.177143194,0.09632871,-0.369963243,-0.370808554,-0.133825149,-0.504124535,-0.53256852,-0.207086556,0.390341927,-0.295740665,0.327441528,-0.305298761,0.231022111,-0.319106947,0.362693856,-0.33688363,0.564448633,-0.342528302,0.516608127,-0.45268869,-0.034012853,-0.225858752,-0.020506423,-0.194388755,-0.156205659,0.384637076,0.782577859,-0.877462955,-0.296290084,-0.15571225,0.510408675,0.856864264,-0.799947349,0.126529771,0.286505663,-0.157718584,-0.248480928,-0.305875393,0.675250904,-0.285005213,0.425222381,0.32560774,0.136852397
